839254003204676
829598357421092
121513044546152
1440003939636348
156596794967378
649418531777745
1410781282570368
520819931708775
1115057085270580
659526414092665
239625136511655
370529026350984
857281377763048
1400241423556350
294404153925477
135360280413
729031877134391
720495684800908
1090327264430680
574511996014912
202560606431078
27059951251
403429529716148
172995005074
277193178965750
1598140817160258
400597353405799
591637637666935
1654206898141147
1450896165168041
427578807370074
242971286104495
41700317875
158940484704233
389297801595982
145446882783841
955096094501067
665212010336474
12764170925
852268951587667
1400883190165084
1951003658452843
778836189144161
205332379592190
281038195378
259846704030360
166538400654266
190673708237878
236674469715732
288368951176867
1649953688633102
482249198543741
188263114589895
61926720259
1014327628585126
556220391112507
1661976810697927
375312142526694
244227412372583
198259538891
111803775646370
120140798035261
125418705552666
177452122454099
214302261935262
1731976650445265
249957082215006
1924724920980272
124939268272710
1740738982891805
132958534203170
109735275893707
1135764526452612
1510887262515878
1637060526572266
1704824286460630
1813660325527462
330398047085363
10511727618
404687456394742
12764170925
269175039868257
172438439507857
293451490800074
403429529716148
299604456806204
473459812678773
421457951219944
149169095128916
259846704030360

