100005049648005
100029998570781
100014399829576
100035695954529
100007880385796
1002555637
723996991
1149582531
100002080331725
100003240894850
100008488504918
100034207090182
100035038840005
100000738399315
100035019159477
100026191986364
100012583534258
100028063943515
100031495870565
100000006367987
100004963687389
100009821292497
100030632070689
100034860581034
100031963632861
663645735
1256016585
100003943395166
100034367777001
100008005454601
100007016497266
100003563688427
100022776759933
100034308151185
1253288579
100004176421823
100000276829498
100007649803621
100009513781487
100005829668404
100028236871040
100009329375538
100023673649184
100008319306042
100013194584673
100008457905488
100009830688601
100024526668177
1468541793
100004462237997
100032958632599
100001976955939
100002612233164
1477480550
100001101679790
100004473635933
100004999865487
100008856124630
100023083500371
100024899973080
100002672146687
100009455382566
100003301691453
100004939806269
100001219242493
100006345340402
100012124840073
100002241060748
1055367684
100027414759641
100000544570849
1238538021
100014469727885
1257511341
100008073437757
100005840292718
100008391060786
1515400769
100001236477308
1194943087
100004442492350
100006551853088
1419919029
100013303874521
100030079630936
100001679266383
100006646364808
100013181884952
100003198027211
100003985640570
100029674752292
100014799496998
100001747786311
100018336106434
100008306190818
100029653006413
100001741695231
1555689813
100004651442715
100008406037021
100013761724492
100011947298815
100002482849970
100002514956289
100003553128708
100003627995217
100015416477835
100004840279147
100008290641499
1310251808
100007323769275
100003519952409
100007514649176
100027703839422
100010209279073
100009356552472
100002221576933
100027669184481
100022017683791
100026868253047
100004670797481
100011176152129
100012892121323
100003663051508
1431798717
100018586964263
100008203092331
100007646831049
100024301200981
100003301569430
100023214022065
100017003682828
100011338842175
1263856256
100016106565957
100003974737055
100023308971696
1518613407
100000988961557
100009966094163
100002033509660
100000106481882
100012935224799
100006606616852
100009130970991
100000521132338
100025440034259
100002227922199
100007295775542
100010306604810
100021728779785
1225196730
100013664973655
100022610510955
100003727330832
1711498379
1158734260
100024563654122
100001898572973
1246173703
100001736671874
100001420122824
1312223466
100001823589719
100000662262438
100000107576671
100023048522806
100014638329108
100000240111916
100001112041078
100002517392292
100023976112780
100003306043599
100023825595409
100010242731165
100004988049386
100003333484286
100002006395750
100015504756467
100023602069169
100009516980032
100001627933606
100011518275930
100001300153847
1035946103
100001780024852
100007942988115
1324218830
100004592029122
100021285652234
100014760466583
100002066808624
100010039905732
1014196485
100014610961122
100002257803087
1279092117
100003807305600
100010764251143
100010078890370
100005176459009
1247738247
100021820715533
100014069223596
100009932385888
100007407855447
100009188840606
100021910869310
100012699969118
100020553096897
1016306050
100007727586263
100000674858260
100004154887195
100000502851076
100000241115119
1633543023
100018261309658
100001975632270
100017530631149
100000515873358
1475396087
100001263957719
100004860072919
100003373864691
1575233449
100013304355583
100006360905873
100002623657139
100006619780772
1019777237
100009746731426
100010144444427
100003169596543
100002924413143
100003516533863
100004668821822
100003330861916
100006988992211
100009582443589
100004832551907
100003595841870
100005692218532
100006159454974
100000484396558
1545730654
100010411325761
100005916259173
100006098376748
100006464752728
1354039145
1806565793
100008209722029
1361029191
100002073064465
100001210105841
100006740945913
100006440073548
100006868353175
100008020177925
100002578575707
100016586227272
100006048993517
100000040917648
100002865384407
100003752294826
100009689135674
100006831574311
100001909670551
100017960015126
100003316461305
100011367309149
100009719885960
100020373219941
1418199211
100002531951407
100007065964007
100000640085965
100001160665292
100008148971889
100013294201245
554944165
100005350748053
1653276097
100008447160215
1590956246
1502227088
100002147376482
100008064875715
100008435442709
100000477454583
100002527157197
1242380962
100007888871788
100007829853448
100009887412506
100003167645712
100014790311574
100011766039644
100001275425477
1399717477
100011924283281
1649205479
100003015337880
100002183784626
819128983
100000015887787
100010905529133
100006727728368
100014046586787
100003568438262
100003640318556
100002149896816
100004692306468
1600659825
100001620459808
1500236007
1181235485
100009746264268
100006999361680
100010109886972
100000522325174
100002165297056
100003208486612
100004504157602
100008314065171
1803204262
100001379847599
100004716451436
100008027013357
100004699637858
100000277961480
100001686796782
100002960568975
596119633
1819633295
100006355570793
100009549255188
100004863369336
100006814211884
100004866310983
1678225385
100007500461917
100007279230982
100006396844403
1626182733
100002603456611
100004302245132
100000563500826
100000737318317
100000827683624
100000581173689
100000556678761
100006714734441
100001955327673
100005827146241
100000679477695
100004189604280
100002880551465
100004252502306
100006676929011
100004215761012
100003590377837
100003456208387
100000418182107
100006411011282
100000560025872
100000279311918
100001653133552
100001434140282
1250211261
1260957955
100001763838655
100005504680994
100002978984845
100006501946338
100000461943755
100003565130063
100005509027412
100006636643830
100004579813598
100002240046853
100002198058505
100006659310626
100000680138097
100001397028796
100006495520441
100006663611133
100001378631413
100002823082245
100004917456542
100006751174353
100001274288350
100005458446623
100000489282872
100004489864759
100001894365150
100001016097770
100001466681513
100002273652390
100002010649475
100001965907711
100005566213746
100003545636404
100006213911107
100006406782193
100002063670239
100002661185428
100003167621456
100005027414327
100001708501216
1309227138
100006419437396
100000249875980
701358930
100004697529087
100002360796482
100001168165302
1141973118
1063542941
100002944724072
1300162003
100004660716162
1356255368
100005955096742
100002063839474
1053856132
100003723887055
100005566562025
100000624114095
100001725637946
100001692245086
100000446125471
100006339067073
100000577331502
100001360533195
100002990373139
100000582489532
100002628635376
